==============================================================================
1. ДАТИТЕ НА ВСЯКО СЪСТЕЗАНИЕ (ден от годината / дата)
==============================================================================
рег   7  случай 2   тип 3   2 отб.  유럽 슈퍼 컵
         222(11.08)
рег   8  случай 3   тип 1   8 отб.  South American Championship
         34(04.02) 41(11.02)
рег   9  случай 3   тип 2  96 отб.  South American Championship
         34(04.02) 41(11.02)
рег  10  случай 3   тип 3  16 отб.  South American Championship
         34(04.02) 41(11.02)
рег  17  случай 5   тип 4  20 отб.  잉글랜드 리그
         233(22.08) 240(29.08) 261(19.09) 265(23.09) 268(26.09) 275(03.10) 296(24.10) 300(28.10) 303(31.10) 310(07.11) 321(18.11) 324(21.11) 331(28.11) 335(02.12) 338(05.12) 345(12.12) 356(23.12) 359(26.12) 363(30.12) 2(03.01) 13(14.01) 16(17.01) 20(21.01) 23(24.01) 31(01.02) 34(04.02) 37(07.02) 51(21.02) 58(28.02) 65(07.03) 72(14.03) 79(21.03) 100(11.04) 107(18.04) 114(25.04) 121(02.05) 128(09.05) 142(23.05)
рег  18  случай 5   тип 4  20 отб.  Serie A TIM
         233(22.08) 240(29.08) 261(19.09) 265(23.09) 268(26.09) 275(03.10) 296(24.10) 300(28.10) 303(31.10) 310(07.11) 321(18.11) 324(21.11) 331(28.11) 335(02.12) 338(05.12) 345(12.12) 356(23.12) 359(26.12) 363(30.12) 2(03.01) 13(14.01) 16(17.01) 20(21.01) 23(24.01) 31(01.02) 34(04.02) 37(07.02) 51(21.02) 58(28.02) 65(07.03) 72(14.03) 79(21.03) 100(11.04) 107(18.04) 114(25.04) 121(02.05) 128(09.05) 142(23.05)
рег  19  случай 5   тип 4  20 отб.  스페인 리그
         233(22.08) 240(29.08) 261(19.09) 265(23.09) 268(26.09) 275(03.10) 296(24.10) 300(28.10) 303(31.10) 310(07.11) 321(18.11) 324(21.11) 331(28.11) 335(02.12) 338(05.12) 345(12.12) 356(23.12) 359(26.12) 363(30.12) 2(03.01) 13(14.01) 16(17.01) 20(21.01) 23(24.01) 31(01.02) 34(04.02) 37(07.02) 51(21.02) 58(28.02) 65(07.03) 72(14.03) 79(21.03) 100(11.04) 107(18.04) 114(25.04) 121(02.05) 128(09.05) 142(23.05)
рег  20  случай 5   тип 9  14 отб.  Bulgarian First League
         233(22.08) 240(29.08) 261(19.09) 265(23.09) 268(26.09) 275(03.10) 296(24.10) 300(28.10) 303(31.10) 310(07.11) 321(18.11) 324(21.11) 331(28.11) 335(02.12) 338(05.12) 345(12.12) 356(23.12) 359(26.12) 363(30.12) 2(03.01) 13(14.01) 16(17.01) 20(21.01) 23(24.01) 31(01.02) 34(04.02) 37(07.02) 51(21.02) 58(28.02) 65(07.03) 72(14.03) 79(21.03) 100(11.04) 107(18.04) 114(25.04) 121(02.05) 128(09.05) 142(23.05)
рег  21  случай 5   тип 4  18 отб.  Eredivisie
         233(22.08) 240(29.08) 261(19.09) 265(23.09) 268(26.09) 275(03.10) 296(24.10) 300(28.10) 303(31.10) 310(07.11) 321(18.11) 324(21.11) 331(28.11) 335(02.12) 338(05.12) 345(12.12) 356(23.12) 359(26.12) 363(30.12) 2(03.01) 13(14.01) 16(17.01) 20(21.01) 23(24.01) 31(01.02) 34(04.02) 37(07.02) 51(21.02) 58(28.02) 65(07.03) 72(14.03) 79(21.03) 100(11.04) 107(18.04) 114(25.04) 121(02.05) 128(09.05) 142(23.05)
рег  22  случай 5   тип 4  18 отб.  Liga NOS
         233(22.08) 240(29.08) 261(19.09) 265(23.09) 268(26.09) 275(03.10) 296(24.10) 300(28.10) 303(31.10) 310(07.11) 321(18.11) 324(21.11) 331(28.11) 335(02.12) 338(05.12) 345(12.12) 356(23.12) 359(26.12) 363(30.12) 2(03.01) 13(14.01) 16(17.01) 20(21.01) 23(24.01) 31(01.02) 34(04.02) 37(07.02) 51(21.02) 58(28.02) 65(07.03) 72(14.03) 79(21.03) 100(11.04) 107(18.04) 114(25.04) 121(02.05) 128(09.05) 142(23.05)
рег  23  случай 6   тип 3  44 отб.  잉글랜드 컵
         251(09.09) 254(12.09) 286(14.10) 289(17.10) 6(07.01) 9(10.01) 41(11.02) 44(14.02) 83(25.03) 86(28.03) 132(13.05) 135(16.05) 132(13.05) 135(16.05)
рег  24  случай 6   тип 3  20 отб.  Coppa Italia
         251(09.09) 254(12.09) 286(14.10) 289(17.10) 6(07.01) 9(10.01) 41(11.02) 44(14.02) 83(25.03) 86(28.03) 132(13.05) 135(16.05) 132(13.05) 135(16.05)
рег  25  случай 6   тип 3  20 отб.  스페인 컵
         251(09.09) 254(12.09) 286(14.10) 289(17.10) 6(07.01) 9(10.01) 41(11.02) 44(14.02) 83(25.03) 86(28.03) 132(13.05) 135(16.05) 132(13.05) 135(16.05)
рег  26  случай 6   тип 3  40 отб.  프랑스 컵
         251(09.09) 254(12.09) 286(14.10) 289(17.10) 6(07.01) 9(10.01) 41(11.02) 44(14.02) 83(25.03) 86(28.03) 132(13.05) 135(16.05) 132(13.05) 135(16.05)
рег  27  случай 6   тип 3  18 отб.  네덜란드 컵
         251(09.09) 254(12.09) 286(14.10) 289(17.10) 6(07.01) 9(10.01) 41(11.02) 44(14.02) 83(25.03) 86(28.03) 132(13.05) 135(16.05) 132(13.05) 135(16.05)
рег  28  случай 6   тип 3  18 отб.  포르투갈 컵
         251(09.09) 254(12.09) 286(14.10) 289(17.10) 6(07.01) 9(10.01) 41(11.02) 44(14.02) 83(25.03) 86(28.03) 132(13.05) 135(16.05) 132(13.05) 135(16.05)
рег  29  случай 7   тип 4  20 отб.  BRASILEIRÃO ASSAÍ
         100(11.04) 107(18.04) 111(22.04) 114(25.04) 121(02.05) 128(09.05) 132(13.05) 135(16.05) 142(23.05) 146(27.05) 149(30.05) 167(17.06) 170(20.06) 174(24.06) 206(26.07) 209(29.07) 212(01.08) 219(08.08) 226(15.08) 230(19.08) 233(22.08) 237(26.08) 240(29.08) 251(09.09) 254(12.09) 261(19.09) 268(26.09) 272(30.09) 275(03.10) 286(14.10) 289(17.10) 293(21.10) 300(28.10) 307(04.11) 310(07.11) 321(18.11) 328(25.11) 334(01.12) 336(03.12) 338(05.12) 340(07.12) 341(08.12) 342(09.12) 343(10.12) 344(11.12) 345(12.12)
рег  30  случай 8   тип 4  26 отб.  Liga Profesional de Fútbol
         240(29.08) 268(26.09) 293(21.10) 300(28.10) 321(18.11) 345(12.12) 356(23.12) 9(10.01) 16(17.01) 23(24.01) 31(01.02) 44(14.02) 51(21.02) 58(28.02) 65(07.03) 72(14.03) 79(21.03) 100(11.04) 107(18.04) 114(25.04) 121(02.05) 128(09.05) 135(16.05) 142(23.05) 149(30.05)
рег  31  случай 9   тип 3  20 отб.  브라질 컵
         16(17.01) 20(21.01) 23(24.01) 31(01.02) 37(07.02) 44(14.02) 51(21.02) 58(28.02) 65(07.03) 72(14.03) 79(21.03) 86(28.03) 79(21.03) 86(28.03)
рег  34  случай 10  тип 2  96 отб.  인터내셔널 컵
         182(02.07) 183(03.07) 185(05.07) 186(06.07) 188(08.07) 189(09.07)
рег  35  случай 11  тип 3  16 отб.  인터내셔널 컵
         191(11.07) 192(12.07) 194(14.07) 195(15.07) 197(17.07) 199(19.07) 201(21.07) 203(23.07) 201(21.07) 203(23.07)
рег  36  случай 12  тип 2  32 отб.  유럽 지역 예선
         91(02.04) 94(05.04) 153(03.06) 156(06.06) 159(09.06) 182(02.07)
рег  37  случай 13  тип 2   6 отб.  북중미 지역 예선
         314(11.11) 317(14.11) 91(02.04) 94(05.04) 153(03.06) 156(06.06) 159(09.06) 195(15.07) 199(19.07) 203(23.07)
рег  38  случай 14  тип 2  10 отб.  남미 지역 예선
         244(02.09) 247(05.09) 279(07.10) 282(10.10) 314(11.11) 317(14.11) 88(30.03) 91(02.04) 94(05.04) 153(03.06) 156(06.06) 159(09.06) 183(03.07) 187(07.07) 191(11.07) 195(15.07) 199(19.07) 203(23.07)
рег  39  случай 15  тип 2  10 отб.  아시아-오세아니아 지역 예선
         314(11.11) 317(14.11) 91(02.04) 94(05.04) 153(03.06) 156(06.06) 159(09.06) 195(15.07) 199(19.07) 203(23.07)
рег  40  случай 15  тип 2  10 отб.  아프리카 지역 예선
         314(11.11) 317(14.11) 91(02.04) 94(05.04) 153(03.06) 156(06.06) 159(09.06) 195(15.07) 199(19.07) 203(23.07)
рег  41  случай 16  тип 2  88 отб.  UEFA EURO 2024™
         184(04.07) 185(05.07) 187(07.07) 188(08.07) 190(10.07) 191(11.07)
рег  42  случай 17  тип 3  16 отб.  UEFA EURO 2024™
         193(13.07) 194(14.07) 196(16.07) 197(17.07) 199(19.07) 200(20.07) 202(22.07) 203(23.07) 202(22.07) 203(23.07)
рег  43  случай 18  тип 3   8 отб.  아메리카 컵
         192(12.07) 194(14.07) 196(16.07) 198(18.07) 201(21.07) 203(23.07) 201(21.07) 203(23.07)
рег  44  случай 10  тип 2  80 отб.  아시아-오세아니아 컵
         182(02.07) 183(03.07) 185(05.07) 186(06.07) 188(08.07) 189(09.07)
рег  45  случай 18  тип 3   8 отб.  아시아-오세아니아 컵
         192(12.07) 194(14.07) 196(16.07) 198(18.07) 201(21.07) 203(23.07) 201(21.07) 203(23.07)
рег  46  случай 19  тип 3  14 отб.  아프리카 컵
         182(02.07) 185(05.07) 188(08.07) 191(11.07) 194(14.07) 197(17.07) 200(20.07) 203(23.07) 200(20.07) 203(23.07)
рег  48  случай 21  тип 3  16 отб.  KONAMI 컵
         30(31.01) 35(05.02) 38(08.02) 42(12.02) 46(16.02) 50(20.02) 58(28.02) 65(07.03) 80(22.03) 88(30.03) 80(22.03) 88(30.03)
рег  50  случай 5   тип 4  20 отб.  PEU 리그
         233(22.08) 240(29.08) 261(19.09) 265(23.09) 268(26.09) 275(03.10) 296(24.10) 300(28.10) 303(31.10) 310(07.11) 321(18.11) 324(21.11) 331(28.11) 335(02.12) 338(05.12) 345(12.12) 356(23.12) 359(26.12) 363(30.12) 2(03.01) 13(14.01) 16(17.01) 20(21.01) 23(24.01) 31(01.02) 34(04.02) 37(07.02) 51(21.02) 58(28.02) 65(07.03) 72(14.03) 79(21.03) 100(11.04) 107(18.04) 114(25.04) 121(02.05) 128(09.05) 142(23.05)
рег  52  случай 22  тип 4  20 отб.  PAS 리그
         16(17.01) 23(24.01) 37(07.02) 44(14.02) 51(21.02) 58(28.02) 65(07.03) 79(21.03) 86(28.03) 100(11.04) 107(18.04) 114(25.04) 118(29.04) 121(02.05) 128(09.05) 142(23.05) 167(17.06) 170(20.06) 174(24.06) 206(26.07) 212(01.08) 216(05.08) 219(08.08) 230(19.08) 233(22.08) 240(29.08) 251(09.09) 254(12.09) 261(19.09) 268(26.09) 275(03.10) 289(17.10) 296(24.10) 307(04.11) 321(18.11) 331(28.11) 335(02.12) 338(05.12)
рег  53  случай 6   тип 3  18 отб.  PEU 컵
         251(09.09) 254(12.09) 286(14.10) 289(17.10) 6(07.01) 9(10.01) 41(11.02) 44(14.02) 83(25.03) 86(28.03) 132(13.05) 135(16.05) 132(13.05) 135(16.05)
рег  54  случай 23  тип 3  20 отб.  PLA 컵
         69(11.03) 72(14.03) 132(13.05) 135(16.05) 149(30.05) 167(17.06) 216(05.08) 226(15.08) 307(04.11) 310(07.11) 307(04.11) 310(07.11)
рег  55  случай 24  тип 3  20 отб.  PAS 컵
         69(11.03) 72(14.03) 132(13.05) 135(16.05) 149(30.05) 163(13.06) 223(12.08) 226(15.08) 300(28.10) 303(31.10) 300(28.10) 303(31.10)
рег  56  случай 25  тип 8   2 отб.  국제 친선 경기
         244(02.09) 247(05.09) 279(07.10) 282(10.10) 314(11.11) 317(14.11) 91(02.04) 94(05.04) 156(06.06) 159(09.06) 197(17.07) 203(23.07)
рег  59  случай 27  тип 3  20 отб.  아르헨티나 컵
         233(22.08) 254(12.09) 261(19.09) 275(03.10) 286(14.10) 289(17.10) 307(04.11) 310(07.11) 338(05.12) 2(03.01) 338(05.12) 2(03.01)
рег  67  случай 7   тип 4  16 отб.  Campeonato PlanVital
         100(11.04) 107(18.04) 111(22.04) 114(25.04) 121(02.05) 128(09.05) 132(13.05) 135(16.05) 142(23.05) 146(27.05) 149(30.05) 167(17.06) 170(20.06) 174(24.06) 206(26.07) 209(29.07) 212(01.08) 219(08.08) 226(15.08) 230(19.08) 233(22.08) 237(26.08) 240(29.08) 251(09.09) 254(12.09) 261(19.09) 268(26.09) 272(30.09) 275(03.10) 286(14.10) 289(17.10) 293(21.10) 300(28.10) 307(04.11) 310(07.11) 321(18.11) 328(25.11) 334(01.12) 336(03.12) 338(05.12) 340(07.12) 341(08.12) 342(09.12) 343(10.12) 344(11.12) 345(12.12)
рег  68  случай 9   тип 3  16 отб.  칠레 컵
         16(17.01) 20(21.01) 23(24.01) 31(01.02) 37(07.02) 44(14.02) 51(21.02) 58(28.02) 65(07.03) 72(14.03) 79(21.03) 86(28.03) 79(21.03) 86(28.03)
рег  79  случай 28  тип 4  24 отб.  잉글랜드 2부 리그
         233(22.08) 240(29.08) 261(19.09) 265(23.09) 268(26.09) 275(03.10) 296(24.10) 300(28.10) 303(31.10) 310(07.11) 321(18.11) 324(21.11) 331(28.11) 335(02.12) 338(05.12) 345(12.12) 356(23.12) 359(26.12) 363(30.12) 2(03.01) 13(14.01) 16(17.01) 20(21.01) 23(24.01) 28(29.01) 31(01.02) 34(04.02) 37(07.02) 51(21.02) 58(28.02) 62(04.03) 65(07.03) 72(14.03) 79(21.03) 100(11.04) 107(18.04) 111(22.04) 114(25.04) 121(02.05) 128(09.05) 138(19.05) 142(23.05) 145(26.05) 148(29.05) 151(01.06) 161(11.06)
рег  80  случай 28  тип 4  22 отб.  스페인 2부 리그
         233(22.08) 240(29.08) 261(19.09) 265(23.09) 268(26.09) 275(03.10) 296(24.10) 300(28.10) 303(31.10) 310(07.11) 321(18.11) 324(21.11) 331(28.11) 335(02.12) 338(05.12) 345(12.12) 356(23.12) 359(26.12) 363(30.12) 2(03.01) 13(14.01) 16(17.01) 20(21.01) 23(24.01) 28(29.01) 31(01.02) 34(04.02) 37(07.02) 51(21.02) 58(28.02) 62(04.03) 65(07.03) 72(14.03) 79(21.03) 100(11.04) 107(18.04) 111(22.04) 114(25.04) 121(02.05) 128(09.05) 138(19.05) 142(23.05) 145(26.05) 148(29.05) 151(01.06) 161(11.06)
рег  81  случай 28  тип 4  18 отб.  Bulgarian Second League
         233(22.08) 240(29.08) 261(19.09) 265(23.09) 268(26.09) 275(03.10) 296(24.10) 300(28.10) 303(31.10) 310(07.11) 321(18.11) 324(21.11) 331(28.11) 335(02.12) 338(05.12) 345(12.12) 356(23.12) 359(26.12) 363(30.12) 2(03.01) 13(14.01) 16(17.01) 20(21.01) 23(24.01) 28(29.01) 31(01.02) 34(04.02) 37(07.02) 51(21.02) 58(28.02) 62(04.03) 65(07.03) 72(14.03) 79(21.03) 100(11.04) 107(18.04) 111(22.04) 114(25.04) 121(02.05) 128(09.05) 138(19.05) 142(23.05) 145(26.05) 148(29.05) 151(01.06) 161(11.06)
рег  82  случай 28  тип 4  22 отб.  Serie BKT
         233(22.08) 240(29.08) 261(19.09) 265(23.09) 268(26.09) 275(03.10) 296(24.10) 300(28.10) 303(31.10) 310(07.11) 321(18.11) 324(21.11) 331(28.11) 335(02.12) 338(05.12) 345(12.12) 356(23.12) 359(26.12) 363(30.12) 2(03.01) 13(14.01) 16(17.01) 20(21.01) 23(24.01) 28(29.01) 31(01.02) 34(04.02) 37(07.02) 51(21.02) 58(28.02) 62(04.03) 65(07.03) 72(14.03) 79(21.03) 100(11.04) 107(18.04) 111(22.04) 114(25.04) 121(02.05) 128(09.05) 138(19.05) 142(23.05) 145(26.05) 148(29.05) 151(01.06) 161(11.06)
рег  83  случай 29  тип 3   4 отб.  잉글랜드 승격 플레이오프
         165(15.06)
рег  84  случай 29  тип 3   4 отб.  스페인 승격 플레이오프
         165(15.06)
рег  85  случай 30  тип 3   4 отб.  이탈리아 승격 플레이오프
         163(13.06) 165(15.06) 168(18.06) 165(15.06) 168(18.06) 171(21.06) 174(24.06)
рег  86  случай 31  тип 3   2 отб.  잉글랜드 슈퍼 컵
         224(13.08) 227(16.08)
рег  87  случай 31  тип 3   2 отб.  스페인 슈퍼 컵
         224(13.08) 227(16.08)
рег  88  случай 31  тип 3   2 отб.  프랑스 슈퍼 컵
         224(13.08) 227(16.08)
рег  89  случай 31  тип 3   2 отб.  Supercoppa Italiana
         224(13.08) 227(16.08)
рег  90  случай 31  тип 3   2 отб.  네덜란드 슈퍼 컵
         224(13.08) 227(16.08)
рег  91  случай 31  тип 3   2 отб.  포르투갈 슈퍼 컵
         224(13.08) 227(16.08)
рег  92  случай 32  тип 3   2 отб.  아르헨티나 슈퍼 컵
         226(15.08) 230(19.08)
рег  95  случай 31  тип 3   2 отб.  PEU 슈퍼 컵
         224(13.08) 227(16.08)
рег  97  случай 33  тип 3   2 отб.  PAS 슈퍼 컵
         28(29.01) 31(01.02)
рег  99  случай 5   тип 4  20 отб.  KONAMI 리그
         233(22.08) 240(29.08) 261(19.09) 265(23.09) 268(26.09) 275(03.10) 296(24.10) 300(28.10) 303(31.10) 310(07.11) 321(18.11) 324(21.11) 331(28.11) 335(02.12) 338(05.12) 345(12.12) 356(23.12) 359(26.12) 363(30.12) 2(03.01) 13(14.01) 16(17.01) 20(21.01) 23(24.01) 31(01.02) 34(04.02) 37(07.02) 51(21.02) 58(28.02) 65(07.03) 72(14.03) 79(21.03) 100(11.04) 107(18.04) 114(25.04) 121(02.05) 128(09.05) 142(23.05)
рег 104  случай 10  тип 2  76 отб.  아메리카 컵
         182(02.07) 183(03.07) 185(05.07) 186(06.07) 188(08.07) 189(09.07)
рег 105  случай 34  тип 4   4 отб.  International Champions Cup NA
         213(02.08) 216(05.08) 219(08.08)
рег 106  случай 35  тип 4   4 отб.  International Champions Cup SA
         1(02.01) 4(05.01) 7(08.01)
рег 107  случай 34  тип 4   4 отб.  International Champions Cup Asia
         213(02.08) 216(05.08) 219(08.08)
рег 116  случай 5   тип 4  16 отб.  Ligue 1 McDonald's
         233(22.08) 240(29.08) 261(19.09) 265(23.09) 268(26.09) 275(03.10) 296(24.10) 300(28.10) 303(31.10) 310(07.11) 321(18.11) 324(21.11) 331(28.11) 335(02.12) 338(05.12) 345(12.12) 356(23.12) 359(26.12) 363(30.12) 2(03.01) 13(14.01) 16(17.01) 20(21.01) 23(24.01) 31(01.02) 34(04.02) 37(07.02) 51(21.02) 58(28.02) 65(07.03) 72(14.03) 79(21.03) 100(11.04) 107(18.04) 114(25.04) 121(02.05) 128(09.05) 142(23.05)
рег 117  случай 37  тип 4  10 отб.  Raiffeisen Super League
         226(15.08) 233(22.08) 240(29.08) 261(19.09) 268(26.09) 275(03.10) 296(24.10) 300(28.10) 303(31.10) 310(07.11) 321(18.11) 324(21.11) 331(28.11) 338(05.12) 345(12.12) 356(23.12) 359(26.12) 363(30.12) 2(03.01) 13(14.01) 16(17.01) 23(24.01) 31(01.02) 37(07.02) 44(14.02) 51(21.02) 58(28.02) 65(07.03) 72(14.03) 79(21.03) 100(11.04) 107(18.04) 114(25.04) 121(02.05) 128(09.05) 142(23.05)
рег 118  случай 5   тип 4  18 отб.  Süper Lig
         233(22.08) 240(29.08) 261(19.09) 265(23.09) 268(26.09) 275(03.10) 296(24.10) 300(28.10) 303(31.10) 310(07.11) 321(18.11) 324(21.11) 331(28.11) 335(02.12) 338(05.12) 345(12.12) 356(23.12) 359(26.12) 363(30.12) 2(03.01) 13(14.01) 16(17.01) 20(21.01) 23(24.01) 31(01.02) 34(04.02) 37(07.02) 51(21.02) 58(28.02) 65(07.03) 72(14.03) 79(21.03) 100(11.04) 107(18.04) 114(25.04) 121(02.05) 128(09.05) 142(23.05)
рег 122  случай 38  тип 3  16 отб.  벨기에 컵
         251(09.09) 254(12.09) 286(14.10) 289(17.10) 6(07.01) 9(10.01) 41(11.02) 44(14.02) 41(11.02) 44(14.02)
рег 123  случай 6   тип 3  18 отб.  러시아 컵
         251(09.09) 254(12.09) 286(14.10) 289(17.10) 6(07.01) 9(10.01) 41(11.02) 44(14.02) 83(25.03) 86(28.03) 132(13.05) 135(16.05) 132(13.05) 135(16.05)
рег 124  случай 39  тип 3  10 отб.  스위스 컵
         251(09.09) 254(12.09) 286(14.10) 289(17.10) 6(07.01) 9(10.01) 132(13.05) 135(16.05) 132(13.05) 135(16.05)
рег 125  случай 6   тип 3  18 отб.  터키 컵
         251(09.09) 254(12.09) 286(14.10) 289(17.10) 6(07.01) 9(10.01) 41(11.02) 44(14.02) 83(25.03) 86(28.03) 132(13.05) 135(16.05) 132(13.05) 135(16.05)
рег 126  случай 40  тип 3  20 отб.  콜롬비아 컵
         46(16.02) 48(18.02) 111(22.04) 125(06.05) 149(30.05) 167(17.06) 251(09.09) 272(30.09) 305(02.11) 307(04.11) 305(02.11) 307(04.11)
рег 128  случай 31  тип 3   2 отб.  벨기에 슈퍼 컵
         224(13.08) 227(16.08)
рег 129  случай 31  тип 3   2 отб.  러시아 슈퍼 컵
         224(13.08) 227(16.08)
рег 130  случай 31  тип 3   2 отб.  터키 슈퍼 컵
         224(13.08) 227(16.08)
рег 131  случай 41  тип 3   2 отб.  콜롬비아 슈퍼 컵
         13(14.01) 16(17.01)
рег 137  случай 43  тип 3  12 отб.  스코틀랜드 컵
         286(14.10) 289(17.10) 6(07.01) 9(10.01) 41(11.02) 44(14.02) 83(25.03) 86(28.03) 83(25.03) 86(28.03)
рег 142  случай 47  тип 3  14 отб.  덴마크 컵
         251(09.09) 254(12.09) 286(14.10) 289(17.10) 6(07.01) 9(10.01) 132(13.05) 135(16.05) 132(13.05) 135(16.05)
рег 151  случай 52  тип 3   2 отб.  유럽 플레이오프
         167(17.06) 174(24.06)
рег 152  случай bg  тип 4  14 отб.  Bulgarian Regular Season
         226(15.08) 233(22.08) 240(29.08) 261(19.09) 268(26.09) 275(03.10) 296(24.10) 300(28.10) 303(31.10) 310(07.11) 321(18.11) 324(21.11) 331(28.11) 338(05.12) 345(12.12) 356(23.12) 359(26.12) 363(30.12) 2(03.01) 13(14.01) 16(17.01) 23(24.01) 31(01.02) 37(07.02) 51(21.02) 58(28.02) 58(28.02) 65(07.03) 72(14.03) 79(21.03)
рег 153  случай bg  тип 4   4 отб.  Bulgarian Championship Group
         79(21.03) 100(11.04) 107(18.04) 114(25.04) 121(02.05) 128(09.05) 142(23.05)
рег 154  случай bg  тип 4   4 отб.  Bulgarian Europe Group
         79(21.03) 100(11.04) 107(18.04) 114(25.04) 121(02.05) 128(09.05) 142(23.05)
рег 159  случай 55  тип 3   2 отб.  유럽 플레이오프
         170(20.06) 171(21.06)
рег 160  случай 56  тип 3   8 отб.  Liga BetPlay DIMAYOR I Playoffs
         132(13.05) 135(16.05) 142(23.05) 146(27.05) 170(20.06) 174(24.06) 170(20.06) 174(24.06)
рег 161  случай 57  тип 3   8 отб.  Liga BetPlay DIMAYOR II Playoffs
         321(18.11) 328(25.11) 335(02.12) 338(05.12) 342(09.12) 345(12.12) 342(09.12) 345(12.12)
рег 162  случай 22  тип 4  16 отб.  Saudi Pro League
         16(17.01) 23(24.01) 37(07.02) 44(14.02) 51(21.02) 58(28.02) 65(07.03) 79(21.03) 86(28.03) 100(11.04) 107(18.04) 114(25.04) 118(29.04) 121(02.05) 128(09.05) 142(23.05) 167(17.06) 170(20.06) 174(24.06) 206(26.07) 212(01.08) 216(05.08) 219(08.08) 230(19.08) 233(22.08) 240(29.08) 251(09.09) 254(12.09) 261(19.09) 268(26.09) 275(03.10) 289(17.10) 296(24.10) 307(04.11) 321(18.11) 331(28.11) 335(02.12) 338(05.12)
рег 163  случай 7   тип 4  20 отб.  BRASILEIRÃO SÉRIE B
         100(11.04) 107(18.04) 111(22.04) 114(25.04) 121(02.05) 128(09.05) 132(13.05) 135(16.05) 142(23.05) 146(27.05) 149(30.05) 167(17.06) 170(20.06) 174(24.06) 206(26.07) 209(29.07) 212(01.08) 219(08.08) 226(15.08) 230(19.08) 233(22.08) 237(26.08) 240(29.08) 251(09.09) 254(12.09) 261(19.09) 268(26.09) 272(30.09) 275(03.10) 286(14.10) 289(17.10) 293(21.10) 300(28.10) 307(04.11) 310(07.11) 321(18.11) 328(25.11) 334(01.12) 336(03.12) 338(05.12) 340(07.12) 341(08.12) 342(09.12) 343(10.12) 344(11.12) 345(12.12)
рег 164  случай 24  тип 3  16 отб.  태국 컵
         69(11.03) 72(14.03) 132(13.05) 135(16.05) 149(30.05) 163(13.06) 223(12.08) 226(15.08) 300(28.10) 303(31.10) 300(28.10) 303(31.10)
рег 165  случай 33  тип 3   2 отб.  태국 슈퍼 컵
         28(29.01) 31(01.02)
рег 166  случай 58  тип 4  20 отб.  전기 리그
         16(17.01) 20(21.01) 23(24.01) 31(01.02) 37(07.02) 44(14.02) 51(21.02) 58(28.02) 65(07.03) 79(21.03) 86(28.03) 100(11.04) 107(18.04) 114(25.04) 121(02.05) 128(09.05) 142(23.05) 170(20.06) 174(24.06)
рег 167  случай 59  тип 4  20 отб.  후기 리그
         209(29.07) 212(01.08) 219(08.08) 233(22.08) 237(26.08) 240(29.08) 251(09.09) 254(12.09) 261(19.09) 268(26.09) 272(30.09) 275(03.10) 289(17.10) 293(21.10) 300(28.10) 321(18.11) 328(25.11) 335(02.12) 338(05.12)
рег 168  случай 60  тип 4  20 отб.  Liga BetPlay DIMAYOR I
         20(21.01) 23(24.01) 27(28.01) 31(01.02) 37(07.02) 44(14.02) 51(21.02) 55(25.02) 58(28.02) 65(07.03) 69(11.03) 72(14.03) 79(21.03) 86(28.03) 97(08.04) 100(11.04) 107(18.04) 114(25.04) 121(02.05) 123(04.05) 126(07.05) 128(09.05) 130(11.05)
рег 169  случай 61  тип 4  20 отб.  Liga BetPlay DIMAYOR II
         206(26.07) 209(29.07) 212(01.08) 216(05.08) 219(08.08) 226(15.08) 230(19.08) 233(22.08) 237(26.08) 240(29.08) 254(12.09) 261(19.09) 268(26.09) 275(03.10) 286(14.10) 289(17.10) 293(21.10) 300(28.10) 310(07.11) 312(09.11) 315(12.11) 318(15.11) 320(17.11)
рег 170  случай 55  тип 3   2 отб.  Bulgarian Promotion Play-off
         170(20.06) 171(21.06)
рег 171  случай 55  тип 3   2 отб.  Bulgarian European Play-off
         170(20.06) 171(21.06)
рег 173  случай 55  тип 3   2 отб.  Bulgarian Promotion Play-off
         170(20.06) 171(21.06)
без дати в exe-то: 1, 2, 3, 4, 5, 6, 15, 16, 47, 51, 57, 58, 103, 108, 115, 119, 133, 134, 135, 136, 141, 147, 148, 149, 150, 155, 156, 157, 158, 172, 175

==============================================================================
2. ЕВРОПЕЙСКИТЕ ДНИ СРЕЩУ НАЦИОНАЛНИТЕ КАЛЕНДАРИ
==============================================================================

Konami рег 7 - Суперкупа на UEFA
  222 11.08  СВОБОДЕН
  -> 0 от 1 дни се дублират

fl26swiss - лигова фаза UCL
  259 17.09  СВОБОДЕН
  260 18.09  СВОБОДЕН
  273 01.10  СВОБОДЕН
  274 02.10  СВОБОДЕН
  294 22.10  СВОБОДЕН
  295 23.10  СВОБОДЕН
  308 05.11  СВОБОДЕН
  309 06.11  СВОБОДЕН
  329 26.11  СВОБОДЕН
  330 27.11  СВОБОДЕН
  343 10.12  ДУБЛИРА: 29 BRASILEIRÃO ASSAÍ, 67 Campeonato PlanVital, 163 BRASILEIRÃO SÉRIE B
  344 11.12  ДУБЛИРА: 29 BRASILEIRÃO ASSAÍ, 67 Campeonato PlanVital, 163 BRASILEIRÃO SÉRIE B
   20 21.01  ДУБЛИРА: 17 잉글랜드 리그, 18 Serie A TIM, 19 스페인 리그, 20 Bulgarian First League, 21 Eredivisie, 22 Liga NOS, 31 브라질 컵, 50 PEU 리그, 68 칠레 컵, 79 잉글랜드 2부 리그, 80 스페인 2부 리그, 81 Bulgarian Second Leagu, 82 Serie BKT, 99 KONAMI 리그, 116 Ligue 1 McDonald's, 118 Süper Lig, 166 전기 리그, 168 Liga BetPlay DIMAYOR I
   21 22.01  СВОБОДЕН
   28 29.01  ДУБЛИРА: 79 잉글랜드 2부 리그, 80 스페인 2부 리그, 81 Bulgarian Second Leagu, 82 Serie BKT, 97 PAS 슈퍼 컵, 165 태국 슈퍼 컵
   29 30.01  СВОБОДЕН
  -> 4 от 16 дни се дублират

fl26swiss - лигова фаза UEL (+2 дни)
  261 19.09  ДУБЛИРА: 17 잉글랜드 리그, 18 Serie A TIM, 19 스페인 리그, 20 Bulgarian First League, 21 Eredivisie, 22 Liga NOS, 29 BRASILEIRÃO ASSAÍ, 50 PEU 리그, 52 PAS 리그, 59 아르헨티나 컵, 67 Campeonato PlanVital, 79 잉글랜드 2부 리그, 80 스페인 2부 리그, 81 Bulgarian Second Leagu, 82 Serie BKT, 99 KONAMI 리그, 116 Ligue 1 McDonald's, 117 Raiffeisen Super Leagu, 118 Süper Lig, 152 Bulgarian Regular Seas, 162 Saudi Pro League, 163 BRASILEIRÃO SÉRIE B, 167 후기 리그, 169 Liga BetPlay DIMAYOR I
  262 20.09  СВОБОДЕН
  275 03.10  ДУБЛИРА: 17 잉글랜드 리그, 18 Serie A TIM, 19 스페인 리그, 20 Bulgarian First League, 21 Eredivisie, 22 Liga NOS, 29 BRASILEIRÃO ASSAÍ, 50 PEU 리그, 52 PAS 리그, 59 아르헨티나 컵, 67 Campeonato PlanVital, 79 잉글랜드 2부 리그, 80 스페인 2부 리그, 81 Bulgarian Second Leagu, 82 Serie BKT, 99 KONAMI 리그, 116 Ligue 1 McDonald's, 117 Raiffeisen Super Leagu, 118 Süper Lig, 152 Bulgarian Regular Seas, 162 Saudi Pro League, 163 BRASILEIRÃO SÉRIE B, 167 후기 리그, 169 Liga BetPlay DIMAYOR I
  276 04.10  СВОБОДЕН
  296 24.10  ДУБЛИРА: 17 잉글랜드 리그, 18 Serie A TIM, 19 스페인 리그, 20 Bulgarian First League, 21 Eredivisie, 22 Liga NOS, 50 PEU 리그, 52 PAS 리그, 79 잉글랜드 2부 리그, 80 스페인 2부 리그, 81 Bulgarian Second Leagu, 82 Serie BKT, 99 KONAMI 리그, 116 Ligue 1 McDonald's, 117 Raiffeisen Super Leagu, 118 Süper Lig, 152 Bulgarian Regular Seas, 162 Saudi Pro League
  297 25.10  СВОБОДЕН
  310 07.11  ДУБЛИРА: 17 잉글랜드 리그, 18 Serie A TIM, 19 스페인 리그, 20 Bulgarian First League, 21 Eredivisie, 22 Liga NOS, 29 BRASILEIRÃO ASSAÍ, 50 PEU 리그, 54 PLA 컵, 59 아르헨티나 컵, 67 Campeonato PlanVital, 79 잉글랜드 2부 리그, 80 스페인 2부 리그, 81 Bulgarian Second Leagu, 82 Serie BKT, 99 KONAMI 리그, 116 Ligue 1 McDonald's, 117 Raiffeisen Super Leagu, 118 Süper Lig, 152 Bulgarian Regular Seas, 163 BRASILEIRÃO SÉRIE B, 169 Liga BetPlay DIMAYOR I
  311 08.11  СВОБОДЕН
  331 28.11  ДУБЛИРА: 17 잉글랜드 리그, 18 Serie A TIM, 19 스페인 리그, 20 Bulgarian First League, 21 Eredivisie, 22 Liga NOS, 50 PEU 리그, 52 PAS 리그, 79 잉글랜드 2부 리그, 80 스페인 2부 리그, 81 Bulgarian Second Leagu, 82 Serie BKT, 99 KONAMI 리그, 116 Ligue 1 McDonald's, 117 Raiffeisen Super Leagu, 118 Süper Lig, 152 Bulgarian Regular Seas, 162 Saudi Pro League
  332 29.11  СВОБОДЕН
  345 12.12  ДУБЛИРА: 17 잉글랜드 리그, 18 Serie A TIM, 19 스페인 리그, 20 Bulgarian First League, 21 Eredivisie, 22 Liga NOS, 29 BRASILEIRÃO ASSAÍ, 30 Liga Profesional de Fú, 50 PEU 리그, 67 Campeonato PlanVital, 79 잉글랜드 2부 리그, 80 스페인 2부 리그, 81 Bulgarian Second Leagu, 82 Serie BKT, 99 KONAMI 리그, 116 Ligue 1 McDonald's, 117 Raiffeisen Super Leagu, 118 Süper Lig, 152 Bulgarian Regular Seas, 161 Liga BetPlay DIMAYOR I, 163 BRASILEIRÃO SÉRIE B
  346 13.12  СВОБОДЕН
   22 23.01  СВОБОДЕН
   23 24.01  ДУБЛИРА: 17 잉글랜드 리그, 18 Serie A TIM, 19 스페인 리그, 20 Bulgarian First League, 21 Eredivisie, 22 Liga NOS, 30 Liga Profesional de Fú, 31 브라질 컵, 50 PEU 리그, 52 PAS 리그, 68 칠레 컵, 79 잉글랜드 2부 리그, 80 스페인 2부 리그, 81 Bulgarian Second Leagu, 82 Serie BKT, 99 KONAMI 리그, 116 Ligue 1 McDonald's, 117 Raiffeisen Super Leagu, 118 Süper Lig, 152 Bulgarian Regular Seas, 162 Saudi Pro League, 166 전기 리그, 168 Liga BetPlay DIMAYOR I
   30 31.01  ДУБЛИРА: 48 KONAMI 컵
   31 01.02  ДУБЛИРА: 17 잉글랜드 리그, 18 Serie A TIM, 19 스페인 리그, 20 Bulgarian First League, 21 Eredivisie, 22 Liga NOS, 30 Liga Profesional de Fú, 31 브라질 컵, 50 PEU 리그, 68 칠레 컵, 79 잉글랜드 2부 리그, 80 스페인 2부 리그, 81 Bulgarian Second Leagu, 82 Serie BKT, 97 PAS 슈퍼 컵, 99 KONAMI 리그, 116 Ligue 1 McDonald's, 117 Raiffeisen Super Leagu, 118 Süper Lig, 152 Bulgarian Regular Seas, 165 태국 슈퍼 컵, 166 전기 리그, 168 Liga BetPlay DIMAYOR I
  -> 9 от 16 дни се дублират

fl26swiss - UCL плейоф 9-24
   47 17.02  СВОБОДЕН
   54 24.02  СВОБОДЕН
  -> 0 от 2 дни се дублират

fl26swiss - UCL 1/8
   68 10.03  СВОБОДЕН
   75 17.03  СВОБОДЕН
  -> 0 от 2 дни се дублират

fl26swiss - UCL 1/4
   96 07.04  СВОБОДЕН
  103 14.04  СВОБОДЕН
  -> 0 от 2 дни се дублират

fl26swiss - UCL 1/2
  117 28.04  СВОБОДЕН
  124 05.05  СВОБОДЕН
  -> 0 от 2 дни се дублират

fl26swiss - UCL финал
  149 30.05  ДУБЛИРА: 29 BRASILEIRÃO ASSAÍ, 30 Liga Profesional de Fú, 54 PLA 컵, 55 PAS 컵, 67 Campeonato PlanVital, 126 콜롬비아 컵, 163 BRASILEIRÃO SÉRIE B, 164 태국 컵
  -> 1 от 1 дни се дублират

fl26swiss - UEL плейоф 9-24
   47 17.02  СВОБОДЕН
   54 24.02  СВОБОДЕН
  -> 0 от 2 дни се дублират

fl26swiss - UEL 1/8
   70 12.03  СВОБОДЕН
   77 19.03  СВОБОДЕН
  -> 0 от 2 дни се дублират

fl26swiss - UEL 1/4
   98 09.04  СВОБОДЕН
  105 16.04  СВОБОДЕН
  -> 0 от 2 дни се дублират

fl26swiss - UEL 1/2
  119 30.04  СВОБОДЕН
  126 07.05  ДУБЛИРА: 168 Liga BetPlay DIMAYOR I
  -> 1 от 2 дни се дублират

fl26swiss - UEL финал
  139 20.05  СВОБОДЕН
  -> 0 от 1 дни се дублират

==============================================================================
3. СВОБОДНИ ДНИ (без национален мач), август - май
==============================================================================
  214 03.08
  215 04.08
  217 06.08
  218 07.08
  220 09.08
  221 10.08
  222 11.08
  225 14.08
  228 17.08
  229 18.08
  231 20.08
  232 21.08
  234 23.08
  235 24.08
  236 25.08
  238 27.08
  239 28.08
  241 30.08
  242 31.08
  243 01.09
  245 03.09
  246 04.09
  248 06.09
  249 07.09
  250 08.09
  252 10.09
  253 11.09
  255 13.09
  256 14.09
  257 15.09
  258 16.09
  259 17.09
  260 18.09
  262 20.09
  263 21.09
  264 22.09
  266 24.09
  267 25.09
  269 27.09
  270 28.09
  271 29.09
  273 01.10
  274 02.10
  276 04.10
  277 05.10
  278 06.10
  280 08.10
  281 09.10
  283 11.10
  284 12.10
  285 13.10
  287 15.10
  288 16.10
  290 18.10
  291 19.10
  292 20.10
  294 22.10
  295 23.10
  297 25.10
  298 26.10
  299 27.10
  301 29.10
  302 30.10
  304 01.11
  306 03.11
  308 05.11
  309 06.11
  311 08.11
  313 10.11
  316 13.11
  319 16.11
  322 19.11
  323 20.11
  325 22.11
  326 23.11
  327 24.11
  329 26.11
  330 27.11
  332 29.11
  333 30.11
  337 04.12
  339 06.12
  346 13.12
  347 14.12
  348 15.12
  349 16.12
  350 17.12
  351 18.12
  352 19.12
  353 20.12
  354 21.12
  355 22.12
  357 24.12
  358 25.12
  360 27.12
  361 28.12
  362 29.12
  364 31.12
    0 01.01
    3 04.01
    5 06.01
    8 09.01
   10 11.01
   11 12.01
   12 13.01
   14 15.01
   15 16.01
   17 18.01
   18 19.01
   19 20.01
   21 22.01
   22 23.01
   24 25.01
   25 26.01
   26 27.01
   29 30.01
   32 02.02
   33 03.02
   36 06.02
   39 09.02
   40 10.02
   43 13.02
   45 15.02
   47 17.02
   49 19.02
   52 22.02
   53 23.02
   54 24.02
   56 26.02
   57 27.02
   59 01.03
   60 02.03
   61 03.03
   63 05.03
   64 06.03
   66 08.03
   67 09.03
   68 10.03
   70 12.03
   71 13.03
   73 15.03
   74 16.03
   75 17.03
   76 18.03
   77 19.03
   78 20.03
   81 23.03
   82 24.03
   84 26.03
   85 27.03
   87 29.03
   89 31.03
   90 01.04
   92 03.04
   93 04.04
   95 06.04
   96 07.04
   98 09.04
   99 10.04
  101 12.04
  102 13.04
  103 14.04
  104 15.04
  105 16.04
  106 17.04
  108 19.04
  109 20.04
  110 21.04
  112 23.04
  113 24.04
  115 26.04
  116 27.04
  117 28.04
  119 30.04
  120 01.05
  122 03.05
  124 05.05
  127 08.05
  129 10.05
  131 12.05
  133 14.05
  134 15.05
  136 17.05
  137 18.05
  139 20.05
  140 21.05
  141 22.05
  143 24.05
  144 25.05
  147 28.05
  150 31.05
  -> 191 свободни дни
